(19, 448, 30)
(11, 148, 1)
(11, 132, 16)
(11, 170, 9)
(11, 184, 18)
(11, 135, 19)
(16, 1187, 33)
(27, 668, 13)
(28, 807, 43)
(28, 818, 45)
(15, 871, 48)
(14, 214, 22)
(2, 90, 10)
(12, 355, 1)
(12, 389, 25)
(12, 1853, 28)
(12, 403, 27)
(12, 339, 26)
(7, 313, 24)
(22, 1938, 37)
(23, 563, 33)
(23, 558, 35)
(11, 1781, 1)
(11, 142, 1)
(11, 133, 9)
(16, 1157, 1)
(16, 1152, 1)
(16, 1170, 1)
(16, 1171, 1)
(25, 1411, 11)
(33, 1360, 54)
(33, 1369, 51)
(32, 1093, 1)
(24, 930, 11)
(28, 822, 44)
(15, 832, 1)
(15, 1708, 21)
(14, 189, 1)
(14, 190, 1)
(31, 1038, 53)
(2, 1545, 2)
(12, 366, 1)
(12, 388, 17)
(12, 402, 27)
(12, 387, 19)
(26, 1490, 1)
(23, 552, 36)
(11, 126, 1)
(11, 132, 17)
(11, 178, 9)
(25, 1405, 1)
(25, 1413, 27)
(33, 1357, 1)
(33, 1316, 54)
(15, 856, 1)
(21, 501, 1)
(12, 1616, 25)
(12, 381, 26)
(8, 734, 40)
(33, 1345, 1)
(33, 1336, 1)
(27, 655, 1)
(32, 1063, 1)
(24, 949, 11)
(28, 823, 44)
(36, 1224, 35)
(15, 875, 21)
(15, 883, 21)
(14, 1804, 1)
(14, 201, 1)
(14, 1589, 1)
(31, 1034, 52)
(12, 360, 1)
(3, 1895, 5)
(22, 616, 35)
(37, 1457, 10)
(10, 534, 1)
(11, 144, 1)
(11, 185, 17)
(16, 1168, 33)
(35, 1436, 1)
(27, 667, 25)
(27, 653, 14)
(28, 755, 1)
(15, 886, 25)
(12, 401, 27)
(23, 564, 36)
(11, 1783, 1)
(11, 1798, 16)
(11, 1794, 18)
(25, 1398, 1)
(33, 1377, 51)
(32, 1080, 1)
(32, 1126, 54)
(28, 782, 43)
(15, 897, 46)
(21, 489, 15)
(14, 217, 22)
(31, 1012, 1)
(12, 1863, 25)
(12, 351, 19)
(7, 1823, 1)
(23, 552, 1)
(37, 1445, 8)
(19, 423, 1)
(11, 162, 1)
(16, 1156, 33)
(25, 1418, 32)
(33, 1372, 54)
(24, 952, 50)
(28, 756, 45)
(14, 219, 1)
(14, 1596, 22)
(12, 390, 19)
(13, 1209, 9)
(5, 28, 2)
(5, 30, 2)
(5, 37, 7)
(3, 1638, 1)
(4, 1677, 4)
(23, 554, 1)
(11, 157, 1)
(11, 1791, 9)
(16, 1177, 19)
(25, 1409, 27)
(24, 960, 11)
(28, 752, 1)
(28, 1701, 43)
(15, 866, 1)
(21, 482, 14)
(14, 212, 21)
(12, 332, 1)
(26, 1496, 23)
(3, 1651, 31)
(10, 1916, 1)
(11, 1768, 1)
(11, 158, 16)
(11, 144, 9)
(8, 1688, 1)
(33, 1318, 51)
(32, 1052, 1)
(32, 1072, 54)
(28, 762, 1)
(28, 793, 6)
(15, 835, 46)
(21, 1900, 1)
(21, 478, 33)
(7, 258, 1)
(3, 458, 1)
(3, 1638, 31)
(4, 633, 1)
(22, 617, 37)
(11, 1780, 1)
(25, 1412, 11)
(33, 1375, 54)
(27, 647, 14)
(28, 811, 43)
(36, 1235, 29)
(15, 885, 28)
(15, 895, 46)
(15, 877, 48)
(21, 495, 1)
(21, 512, 32)
(21, 1909, 15)
(14, 218, 1)
(9, 95, 12)
(12, 1850, 27)
(26, 1480, 1)
(4, 635, 1)
(17, 1257, 1)
(22, 592, 1)
(11, 164, 17)
(11, 1574, 18)
(16, 1174, 1)
(16, 1186, 33)
(8, 712, 5)
(24, 959, 11)
(28, 782, 1)
(28, 787, 6)
(36, 1214, 1)
(15, 854, 1)
(14, 193, 1)
(14, 232, 19)
(12, 1861, 25)
(12, 341, 19)
(12, 1613, 26)
(7, 1820, 1)
(22, 601, 37)
(11, 121, 16)
(11, 1582, 18)
(32, 1107, 29)
(24, 948, 1)
(24, 929, 1)
(28, 753, 1)
(28, 757, 45)
(36, 1245, 30)
(21, 514, 28)
(31, 1036, 52)
(12, 1836, 1)
(26, 1476, 1)
(5, 32, 8)
(4, 636, 4)
(37, 1463, 37)
(16, 1177, 34)
(25, 1394, 1)
(27, 641, 1)
(27, 1686, 1)
(27, 677, 14)
(32, 1092, 1)
(28, 773, 1)
(36, 1233, 11)
(15, 845, 25)
(21, 500, 1)
(14, 233, 22)
(14, 213, 20)
(12, 354, 26)
(30, 1009, 24)
(37, 1465, 10)
(11, 127, 1)
(16, 1171, 22)
(25, 1407, 1)
(8, 711, 5)
(15, 890, 25)
(21, 502, 1)
(21, 485, 32)
(14, 191, 1)
(14, 212, 1)
(14, 224, 1)
(14, 243, 20)
(12, 387, 28)
(7, 1828, 23)
(20, 977, 1)
(20, 979, 50)
(22, 618, 17)
(11, 156, 17)
(25, 1410, 1)
(8, 710, 1)
(33, 1356, 1)
(24, 931, 1)
(24, 963, 50)
(24, 939, 11)
(29, 925, 41)
(29, 923, 42)
(28, 803, 41)
(36, 1240, 30)
(15, 865, 21)
(21, 474, 28)
(14, 203, 19)
(31, 1044, 53)
(12, 380, 26)
(5, 35, 1)
(5, 32, 6)
(7, 306, 13)
(19, 431, 23)
(11, 135, 1)
(25, 1388, 1)
(25, 1414, 27)
(8, 696, 40)
(33, 1326, 54)
(32, 1091, 51)
(29, 916, 1)
(28, 781, 1)
(28, 757, 44)
(15, 869, 1)
(14, 192, 19)
(31, 1046, 53)
(12, 1842, 1)
(12, 351, 1)
(4, 1682, 15)
(4, 1670, 15)
(22, 595, 1)
(19, 445, 30)
(11, 152, 1)
(11, 181, 16)
(33, 1324, 1)
(33, 1362, 29)
(32, 1062, 1)
(32, 1103, 5)
(24, 962, 35)
(28, 750, 1)
(28, 821, 43)
(28, 793, 42)
(36, 1238, 30)
(15, 885, 46)
(21, 1905, 1)
(21, 485, 1)
(31, 1042, 38)
(9, 102, 1)
(26, 1484, 1)
(5, 37, 6)
(7, 295, 13)
(23, 1937, 34)
(11, 161, 16)
(11, 176, 9)
(11, 136, 18)
(33, 1318, 1)
(32, 1054, 1)
(32, 1088, 38)
(24, 958, 51)
(28, 827, 43)
(28, 825, 43)
(15, 888, 46)
(12, 362, 1)
(12, 1612, 27)
(12, 322, 26)
(26, 1483, 1)
(5, 43, 9)
(5, 31, 6)
(6, 1301, 1)
(6, 1314, 43)
(22, 600, 1)
(10, 544, 24)
(11, 179, 16)
(11, 179, 9)
(25, 1404, 1)
(8, 718, 39)
(33, 1339, 1)
(33, 1320, 1)
(32, 1081, 1)
(32, 1109, 38)
(28, 747, 1)
(36, 1215, 1)
(12, 388, 25)
(5, 28, 6)
(22, 613, 35)
(25, 1400, 1)
(27, 659, 1)
(24, 955, 12)
(28, 746, 43)
(28, 1697, 41)
(36, 1226, 3)
(15, 881, 25)
(31, 1026, 52)
(12, 361, 1)
(12, 365, 1)
(12, 1851, 17)
(5, 1730, 1)
(5, 58, 9)
(5, 29, 7)
(5, 62, 6)
(7, 1818, 1)
(7, 318, 24)
(22, 614, 17)
(23, 580, 14)
(30, 1005, 17)
(11, 178, 16)
(16, 1167, 1)
(16, 1171, 33)
(25, 1385, 1)
(25, 1398, 32)
(8, 739, 39)
(33, 1340, 1)
(27, 657, 1)
(32, 1091, 1)
(24, 934, 1)
(29, 918, 1)
(28, 767, 1)
(28, 758, 41)
(28, 766, 6)
(28, 748, 44)
(15, 878, 5)
(21, 1909, 33)
(14, 216, 21)
(14, 214, 19)
(12, 335, 25)
(12, 1855, 26)
(12, 362, 26)
(6, 1297, 1)
(23, 559, 1)
(23, 571, 35)
(11, 140, 1)
(33, 1361, 54)
(27, 649, 1)
(27, 643, 25)
(32, 1094, 5)
(29, 1714, 41)
(28, 741, 6)
(21, 1908, 15)
(14, 217, 1)
(12, 395, 26)
(5, 1529, 1)
(5, 34, 9)
(7, 286, 1)
(7, 300, 13)
(17, 1250, 1)
(6, 1314, 52)
(18, 1506, 1)
(23, 572, 36)
(30, 998, 1)
(10, 1928, 1)
(10, 1931, 24)
(11, 1568, 1)
(11, 1561, 1)
(11, 143, 16)
(25, 1412, 14)
(35, 1443, 53)
(27, 650, 1)
(32, 1051, 1)
(32, 1098, 1)
(28, 766, 43)
(28, 796, 6)
(28, 817, 44)
(36, 1216, 1)
(36, 1224, 11)
(15, 899, 48)
(15, 892, 48)
(14, 195, 1)
(14, 1596, 21)
(14, 251, 22)
(2, 67, 1)
(12, 341, 1)
(12, 1857, 25)
(26, 1478, 1)
(5, 31, 2)
(6, 1304, 1)
(6, 1312, 43)
(22, 604, 1)
(23, 1935, 33)
(11, 170, 16)
(32, 1053, 1)
(24, 953, 51)
(24, 929, 11)
(28, 793, 43)
(2, 1555, 10)
(12, 372, 1)
(12, 348, 25)
(5, 1541, 7)
(23, 575, 1)
(37, 1451, 1)
(19, 438, 11)
(11, 1784, 1)
(11, 173, 9)
(11, 1787, 9)
(16, 1153, 1)
(25, 1389, 14)
(33, 1325, 1)
(28, 824, 43)
(28, 787, 42)
(15, 883, 47)
(31, 1015, 38)
(7, 300, 11)
(4, 1669, 1)
(11, 130, 1)
(11, 1583, 18)
(16, 1189, 33)
(25, 1390, 1)
(25, 1417, 54)
(8, 696, 1)
(32, 1090, 1)
(32, 1113, 29)
(24, 956, 49)
(29, 926, 44)
(36, 1228, 3)
(36, 1233, 35)
(14, 197, 1)
(12, 1613, 17)
(12, 345, 25)
(5, 1728, 7)
(5, 61, 7)
(7, 263, 24)
(4, 1670, 38)
(4, 1680, 15)
(22, 603, 17)
(23, 563, 36)
(30, 993, 1)
(11, 1562, 1)
(25, 1414, 32)
(8, 733, 40)
(35, 1434, 37)
(24, 929, 49)
(28, 743, 1)
(21, 515, 28)
(14, 226, 19)
(2, 85, 1)
(12, 1835, 1)
(12, 323, 17)
(26, 1486, 1)
(6, 1293, 1)
(16, 1172, 1)
(35, 1434, 1)
(33, 1353, 54)
(32, 1124, 51)
(24, 932, 1)
(24, 942, 49)
(14, 222, 1)
(14, 1591, 19)
(12, 320, 1)
(12, 339, 1)
(5, 27, 2)
(7, 277, 1)
(11, 1581, 18)
(11, 182, 18)
(16, 1150, 1)
(8, 708, 40)
(32, 1094, 51)
(24, 957, 11)
(28, 785, 1)
(28, 811, 41)
(36, 1234, 11)
(2, 1556, 10)
(12, 1834, 1)
(12, 405, 25)
(12, 392, 26)
(12, 334, 26)
(17, 1266, 14)
(6, 1312, 18)
(22, 605, 1)
(23, 568, 1)
(30, 1005, 23)
(11, 186, 17)
(11, 156, 9)
(11, 175, 9)
(25, 1402, 32)
(35, 1426, 37)
(33, 1335, 1)
(32, 1067, 5)
(24, 939, 49)
(28, 742, 42)
(21, 507, 14)
(14, 192, 1)
(14, 229, 21)
(14, 227, 20)
(12, 1609, 17)
(12, 370, 28)
(12, 332, 28)
(7, 278, 1)
(17, 1257, 25)
(11, 145, 1)
(11, 1772, 1)
(8, 697, 1)
(8, 713, 1)
(33, 1354, 1)
(27, 643, 1)
(27, 665, 14)
(32, 1085, 29)
(28, 761, 43)
(28, 776, 43)
(15, 835, 25)
(21, 474, 1)
(21, 497, 1)
(21, 1913, 32)
(31, 1014, 1)
(31, 1038, 52)
(9, 1764, 13)
(9, 102, 14)
(9, 116, 14)
(12, 332, 26)
(5, 45, 1)
(7, 1822, 1)
(23, 559, 35)
(11, 1770, 1)
(11, 1586, 16)
(11, 1786, 9)
(11, 165, 18)
(33, 1337, 1)
(32, 1089, 54)
(28, 758, 1)
(28, 807, 41)
(36, 1235, 28)
(15, 852, 1)
(15, 846, 1)
(15, 887, 47)
(14, 207, 1)
(31, 1042, 52)
(5, 59, 9)
(7, 290, 1)
(22, 597, 37)
(23, 1937, 36)
(23, 554, 36)
(19, 423, 23)
(11, 138, 1)
(16, 1160, 1)
(27, 647, 1)
(32, 1065, 1)
(24, 964, 49)
(29, 1714, 1)
(36, 1226, 29)
(26, 1485, 1)
(5, 44, 1)
(7, 262, 1)
(7, 308, 13)
(6, 1307, 1)
(22, 613, 17)
(23, 558, 1)
(23, 572, 1)
(30, 1009, 23)
(11, 153, 1)
(11, 142, 16)
(11, 1574, 9)
(28, 801, 42)
(15, 870, 47)
(21, 504, 15)
(14, 231, 22)
(14, 196, 20)
(9, 115, 15)
(2, 1752, 1)
(12, 385, 28)
(12, 390, 26)
(7, 1825, 13)
(4, 1681, 21)
(23, 584, 33)
(30, 1009, 28)
(10, 1919, 1)
(11, 150, 16)
(11, 165, 9)
(11, 1579, 18)
(11, 156, 19)
(33, 1328, 1)
(24, 954, 11)
(28, 813, 42)
(15, 838, 48)
(7, 1819, 1)
(7, 270, 1)
(7, 300, 23)
(17, 1277, 14)
(6, 1294, 1)
(22, 597, 1)
(37, 1449, 37)
(11, 159, 1)
(11, 180, 17)
(11, 1800, 16)
(25, 1420, 32)
(27, 648, 1)
(32, 1112, 51)
(29, 923, 41)
(29, 921, 19)
(28, 770, 1)
(15, 839, 1)
(15, 838, 28)
(14, 209, 1)
(14, 253, 21)
(14, 195, 22)
(12, 374, 1)
(12, 367, 17)
(12, 1850, 26)
(5, 37, 8)
(22, 612, 17)
(11, 165, 1)
(11, 1778, 1)
(25, 1406, 1)
(28, 802, 41)
(14, 213, 1)
(31, 1038, 38)
(2, 77, 1)
(13, 1200, 1)
(5, 1739, 1)
(5, 1747, 7)
(22, 594, 1)
(11, 136, 9)
(11, 168, 18)
(25, 1389, 1)
(25, 1392, 1)
(33, 1381, 54)
(33, 1360, 51)
(27, 676, 25)
(32, 1055, 1)
(32, 1101, 54)
(29, 903, 1)
(28, 819, 45)
(15, 879, 21)
(14, 225, 19)
(31, 1037, 38)
(13, 1210, 9)
(5, 59, 8)
(5, 1747, 8)
(6, 1308, 18)
(10, 1930, 17)
(11, 1577, 9)
(33, 1344, 1)
(33, 1351, 29)
(33, 1366, 29)
(32, 1086, 1)
(28, 778, 1)
(15, 841, 46)
(21, 507, 33)
(21, 512, 28)
(14, 205, 1)
(14, 238, 21)
(31, 1012, 52)
(9, 118, 13)
(12, 367, 1)
(26, 1493, 1)
(7, 271, 1)
(10, 542, 23)
(16, 1166, 33)
(8, 729, 5)
(33, 1357, 29)
(32, 1050, 51)
(28, 748, 41)
(36, 1216, 29)
(15, 854, 25)
(15, 832, 47)
(15, 884, 48)
(2, 74, 11)
(12, 370, 17)
(26, 1489, 1)
(6, 1305, 1)
(6, 1308, 9)
(30, 1002, 35)
(11, 129, 16)
(33, 1349, 1)
(28, 768, 1)
(28, 812, 41)
(28, 780, 42)
(28, 789, 6)
(28, 766, 45)
(15, 887, 25)
(14, 196, 19)
(14, 213, 19)
(31, 1013, 1)
(5, 56, 1)
(23, 551, 1)
(23, 553, 36)
(30, 998, 23)
(37, 1451, 8)
(10, 1923, 1)
(11, 135, 17)
(16, 1150, 34)
(25, 1414, 54)
(25, 1414, 14)
(8, 705, 1)
(8, 703, 1)
(35, 1426, 1)
(33, 1334, 1)
(32, 1108, 29)
(24, 937, 1)
(28, 748, 1)
(28, 777, 45)
(28, 829, 44)
(14, 250, 22)
(14, 1593, 20)
(14, 235, 19)
(12, 380, 19)
(4, 638, 1)
(30, 983, 1)
(30, 1001, 23)
(37, 1458, 10)
(10, 1925, 1)
(19, 431, 29)
(8, 727, 40)
(32, 1050, 1)
(24, 939, 50)
(24, 952, 12)
(28, 828, 42)
(28, 796, 45)
(28, 828, 44)
(15, 890, 46)
(15, 832, 48)
(21, 484, 1)
(14, 227, 19)
(31, 1017, 1)
(31, 1043, 52)
(2, 1750, 1)
(2, 1754, 1)
(2, 85, 10)
(12, 393, 17)
(12, 1844, 17)
(12, 1850, 25)
(30, 988, 35)
(25, 1388, 27)
(25, 1415, 35)
(33, 1371, 29)
(27, 664, 25)
(24, 941, 35)
(29, 907, 1)
(28, 828, 43)
(28, 746, 41)
(28, 810, 42)
(28, 1699, 45)
(28, 798, 44)
(36, 1218, 1)
(15, 844, 1)
(15, 870, 5)
(21, 480, 28)
(14, 238, 20)
(7, 256, 1)
(19, 444, 30)
(11, 1785, 1)
(11, 166, 18)
(16, 1180, 22)
(27, 650, 13)
(28, 751, 1)
(28, 777, 43)
(14, 193, 20)
(14, 244, 20)
(12, 1857, 27)
(12, 1615, 27)
(26, 1491, 1)
(26, 1474, 1)
(4, 1678, 21)
(11, 136, 16)
(16, 1184, 34)
(33, 1374, 54)
(27, 645, 14)
(28, 801, 41)
(28, 787, 45)
(12, 381, 19)
(5, 37, 1)
(5, 32, 2)
(5, 60, 9)
(4, 1943, 1)
(37, 1454, 1)
(11, 128, 1)
(11, 168, 16)
(11, 124, 18)
(25, 1389, 32)
(33, 1326, 1)
(33, 1369, 29)
(32, 1125, 54)
(29, 916, 42)
(28, 780, 6)
(28, 810, 45)
(36, 1234, 35)
(15, 892, 47)
(21, 476, 1)
(21, 470, 1)
(21, 478, 1)
(21, 482, 1)
(31, 1037, 53)
(9, 115, 14)
(12, 1612, 25)
(12, 402, 25)
(5, 57, 8)
(7, 301, 1)
(10, 521, 1)
(11, 1779, 1)
(11, 158, 1)
(11, 136, 1)
(11, 132, 18)
(11, 124, 19)
(8, 721, 1)
(33, 1330, 1)
(32, 1085, 5)
(24, 943, 50)
(29, 909, 1)
(29, 914, 1)
(29, 906, 1)
(28, 742, 1)
(21, 494, 14)
(14, 228, 19)
(31, 1019, 1)
(9, 102, 13)
(5, 34, 2)
(20, 973, 1)
(10, 1920, 1)
(11, 160, 16)
(11, 160, 19)
(33, 1380, 54)
(27, 679, 25)
(32, 1089, 1)
(32, 1121, 51)
(15, 881, 21)
(15, 891, 25)
(15, 877, 28)
(21, 1910, 14)
(14, 206, 22)
(14, 247, 22)
(9, 104, 13)
(2, 80, 10)
(7, 283, 1)
(4, 621, 1)
(23, 571, 1)
(37, 1448, 1)
(8, 718, 1)
(8, 735, 40)
(33, 1348, 51)
(32, 1105, 5)
(28, 780, 44)
(36, 1222, 1)
(15, 865, 1)
(15, 857, 5)
(15, 881, 28)
(21, 479, 1)
(21, 509, 32)
(21, 485, 15)
(14, 194, 1)
(14, 231, 19)
(31, 1025, 1)
(12, 349, 27)
(3, 1895, 9)
(30, 988, 23)
(11, 146, 1)
(11, 180, 9)
(8, 708, 5)
(33, 1377, 54)
(33, 1365, 54)
(27, 659, 25)
(27, 645, 25)
(32, 1100, 1)
(28, 824, 42)
(36, 1226, 11)
(15, 872, 48)
(21, 504, 28)
(12, 362, 19)
(17, 1275, 28)
(6, 1312, 11)
(10, 1930, 13)
(11, 1771, 1)
(11, 1560, 1)
(11, 1789, 9)
(16, 1184, 21)
(8, 727, 5)
(33, 1368, 29)
(27, 652, 13)
(24, 930, 1)
(28, 771, 41)
(28, 1696, 6)
(15, 845, 1)
(21, 498, 1)
(21, 490, 1)
(14, 220, 20)
(31, 1024, 38)
(9, 95, 1)
(2, 86, 1)
(2, 1749, 1)
(26, 1473, 1)
(20, 972, 1)
(22, 607, 1)
(30, 988, 36)
(10, 520, 1)
(10, 1926, 1)
(10, 1914, 1)
(10, 521, 13)
(35, 1443, 24)
(33, 1374, 51)
(33, 1365, 29)
(24, 948, 51)
(36, 1214, 29)
(15, 867, 1)
(21, 506, 33)
(14, 206, 1)
(14, 235, 20)
(9, 96, 13)
(12, 1839, 1)
(7, 298, 1)
(22, 1939, 17)
(22, 600, 37)
(32, 1071, 1)
(32, 1056, 1)
(32, 1094, 38)
(28, 823, 43)
(15, 857, 25)
(14, 226, 22)
(31, 1025, 53)
(31, 1013, 52)
(2, 1751, 1)
(7, 1817, 1)
(10, 1927, 1)
(19, 438, 23)
(11, 1788, 9)
(25, 1402, 54)
(33, 1360, 1)
(27, 654, 1)
(27, 672, 13)
(32, 1105, 38)
(28, 826, 43)
(15, 860, 1)
(15, 857, 48)
(21, 492, 1)
(12, 1855, 27)
(12, 321, 19)
(13, 1212, 16)
(7, 317, 24)
(6, 1300, 1)
(23, 584, 36)
(30, 994, 36)
(11, 149, 1)
(11, 163, 1)
(25, 1397, 21)
(33, 1323, 1)
(33, 1353, 1)
(29, 915, 42)
(28, 777, 41)
(28, 829, 42)
(15, 863, 1)
(21, 508, 15)
(31, 1026, 1)
(12, 376, 17)
(12, 400, 27)
(5, 48, 1)
(17, 1266, 1)
(22, 1938, 1)
(22, 604, 37)
(30, 1002, 17)
(37, 1459, 8)
(11, 1571, 1)
(11, 140, 18)
(33, 1333, 1)
(27, 662, 25)
(32, 1067, 1)
(32, 1079, 1)
(32, 1079, 5)
(28, 771, 1)
(28, 813, 41)
(15, 857, 1)
(15, 1709, 25)
(14, 215, 1)
(2, 78, 1)
(12, 335, 1)
(13, 1208, 9)
(7, 310, 24)
(4, 1668, 1)
(4, 1670, 1)
(23, 564, 1)
(16, 1166, 34)
(33, 1332, 51)
(33, 1364, 29)
(32, 1122, 54)
(29, 904, 1)
(29, 905, 1)
(29, 924, 44)
(14, 1811, 22)
(14, 243, 22)
(2, 69, 1)
(2, 1545, 11)
(12, 339, 17)
(12, 354, 25)
(12, 375, 19)
(3, 1651, 9)
(4, 1679, 38)
(4, 639, 4)
(23, 575, 36)
(30, 1007, 28)
(30, 1004, 36)
(30, 1009, 35)
(10, 524, 1)
(10, 542, 24)
(11, 169, 18)
(35, 1437, 1)
(27, 666, 13)
(32, 1069, 1)
(32, 1070, 1)
(24, 932, 50)
(28, 766, 1)
(14, 217, 21)
(14, 230, 20)
(2, 1547, 1)
(12, 1850, 17)
(12, 393, 25)
(12, 1609, 28)
(12, 369, 26)
(5, 49, 1)
(5, 30, 7)
(7, 1816, 1)
(20, 969, 1)
(4, 630, 1)
(23, 546, 1)
(23, 587, 34)
(37, 1455, 1)
(19, 431, 28)
(19, 423, 29)
(11, 1775, 1)
(16, 1180, 34)
(8, 737, 39)
(32, 1088, 1)
(24, 930, 50)
(15, 849, 1)
(14, 214, 1)
(14, 209, 19)
(31, 1024, 1)
(2, 1553, 1)
(12, 1841, 1)
(12, 338, 1)
(4, 626, 1)
(6, 1296, 1)
(23, 562, 1)
(11, 150, 1)
(11, 1803, 17)
(11, 1801, 16)
(25, 1421, 32)
(25, 1397, 11)
(24, 943, 1)
(24, 954, 12)
(29, 915, 1)
(15, 875, 25)
(2, 1748, 1)
(12, 330, 1)
(12, 354, 1)
(12, 345, 27)
(5, 27, 6)
(7, 261, 1)
(7, 279, 1)
(4, 1680, 4)
(6, 1303, 1)
(22, 603, 1)
(30, 1001, 17)
(25, 1422, 35)
(8, 683, 1)
(24, 956, 50)
(28, 757, 1)
(9, 104, 1)
(12, 393, 27)
(5, 45, 6)
(4, 623, 1)
(4, 625, 1)
(4, 1685, 38)
(33, 1372, 29)
(27, 1946, 1)
(32, 1058, 1)
(32, 1095, 1)
(24, 954, 50)
(28, 783, 1)
(28, 784, 1)
(28, 766, 42)
(15, 836, 1)
(5, 33, 2)
(5, 45, 7)
(22, 610, 17)
(22, 592, 17)
(30, 994, 1)
(10, 537, 1)
(11, 133, 1)
(16, 1168, 1)
(16, 1179, 19)
(32, 1097, 1)
(29, 901, 1)
(29, 926, 41)
(28, 792, 6)
(15, 840, 1)
(15, 861, 1)
(15, 872, 46)
(14, 1597, 21)
(12, 342, 25)
(26, 1473, 11)
(5, 1743, 1)
(5, 31, 1)
(7, 260, 1)
(11, 130, 9)
(11, 166, 9)
(16, 1183, 21)
(16, 1170, 33)
(24, 941, 1)
(21, 482, 32)
(20, 976, 1)
(20, 966, 1)
(23, 570, 34)
(23, 559, 36)
(10, 539, 1)
(10, 543, 24)
(11, 178, 17)
(11, 1793, 9)
(25, 1406, 54)
(25, 1405, 35)
(35, 1425, 1)
(27, 652, 1)
(27, 645, 1)
(27, 657, 25)
(32, 1083, 1)
(24, 950, 1)
(24, 951, 12)
(28, 1700, 45)
(15, 835, 1)
(15, 872, 5)
(15, 892, 25)
(2, 65, 1)
(12, 344, 1)
(26, 1495, 23)
(7, 304, 24)
(4, 1684, 38)
(17, 1285, 25)
(23, 565, 14)
(23, 571, 14)
(10, 518, 1)
(10, 530, 1)
(11, 160, 1)
(11, 1776, 1)
(11, 1792, 9)
(8, 708, 14)
(33, 1322, 1)
(32, 1066, 1)
(32, 1104, 5)
(32, 1088, 51)
(29, 910, 1)
(15, 840, 46)
(14, 222, 20)
(9, 96, 1)
(12, 1849, 17)
(12, 382, 25)
(12, 328, 25)
(17, 1275, 14)
(18, 1505, 1)
(11, 1563, 1)
(11, 1566, 1)
(11, 173, 16)
(11, 180, 16)
(25, 1397, 1)
(33, 1348, 54)
(33, 1367, 29)
(27, 670, 14)
(32, 1085, 1)
(32, 1091, 5)
(28, 788, 45)
(15, 840, 25)
(21, 516, 33)
(14, 246, 20)
(14, 228, 20)
(31, 1047, 52)
(2, 72, 1)
(12, 1844, 19)
(7, 291, 1)
(35, 1441, 1)
(33, 1348, 1)
(33, 1319, 1)
(33, 1325, 29)
(27, 675, 25)
(28, 792, 41)
(28, 788, 44)
(21, 1908, 14)
(21, 480, 14)
(14, 225, 22)
(12, 1858, 27)
(5, 41, 1)
(7, 1827, 13)
(7, 1833, 11)
(10, 1932, 24)
(10, 545, 23)
(11, 121, 1)
(11, 145, 9)
(11, 164, 18)
(32, 1072, 1)
(32, 1084, 51)
(32, 1079, 51)
(24, 949, 1)
(24, 953, 12)
(15, 872, 25)
(21, 1655, 1)
(14, 1809, 20)
(14, 230, 19)
(31, 1015, 1)
(2, 69, 10)
(2, 1554, 4)
(12, 1609, 19)
(20, 968, 1)
(3, 1889, 1)
(6, 1291, 1)
(23, 573, 1)
(10, 533, 1)
(11, 161, 1)
(11, 124, 1)
(11, 1588, 19)
(33, 1327, 1)
(24, 946, 49)
(28, 751, 41)
(15, 871, 5)
(21, 480, 1)
(14, 1805, 1)
(14, 1594, 20)
(12, 1859, 25)
(12, 398, 25)
(12, 1617, 26)
(22, 590, 37)
(16, 1166, 1)
(25, 1396, 1)
(35, 1433, 1)
(32, 1115, 29)
(36, 1216, 3)
(15, 838, 5)
(14, 248, 21)
(12, 1614, 27)
(12, 339, 27)
(12, 398, 27)
(12, 341, 26)
(5, 1729, 1)
(23, 572, 35)
(8, 701, 1)
(33, 1343, 1)
(33, 1328, 54)
(33, 1373, 51)
(24, 939, 51)
(28, 747, 43)
(28, 781, 41)
(28, 778, 41)
(15, 834, 1)
(15, 869, 48)
(14, 232, 20)
(14, 248, 20)
(12, 321, 1)
(12, 369, 1)
(12, 328, 19)
(26, 1475, 1)
(7, 311, 24)
(4, 1676, 1)
(4, 1671, 1)
(23, 572, 33)
(37, 1445, 1)
(10, 1664, 13)
(11, 147, 1)
(35, 1431, 1)
(15, 856, 46)
(15, 845, 46)
(12, 397, 27)
(12, 1847, 19)
(5, 1728, 2)
(20, 967, 1)
(17, 1271, 1)
(22, 607, 37)
(37, 1461, 8)
(11, 139, 1)
(16, 1165, 1)
(25, 1411, 14)
(33, 1341, 1)
(32, 1106, 5)
(32, 1103, 54)
(32, 1088, 54)
(24, 940, 1)
(28, 788, 6)
(15, 859, 1)
(15, 875, 47)
(21, 494, 15)
(21, 502, 15)
(12, 401, 25)
(12, 348, 26)
(10, 535, 1)
(8, 736, 39)
(29, 917, 1)
(28, 756, 41)
(28, 800, 41)
(15, 879, 48)
(21, 475, 1)
(21, 513, 28)
(21, 504, 14)
(14, 223, 22)
(12, 1604, 1)
(7, 267, 1)
(7, 1815, 1)
(23, 563, 1)
(11, 154, 9)
(16, 1154, 1)
(16, 1187, 34)
(35, 1438, 1)
(35, 1442, 24)
(33, 1371, 54)
(33, 1366, 51)
(33, 1370, 29)
(32, 1101, 1)
(21, 493, 1)
(21, 502, 14)
(14, 202, 1)
(9, 96, 14)
(12, 395, 17)
(7, 304, 13)
(7, 262, 23)
(20, 968, 50)
(6, 1295, 1)
(23, 569, 34)
(23, 565, 36)
(23, 569, 14)
(30, 1005, 36)
(10, 1915, 1)
(11, 155, 1)
(11, 1799, 16)
(11, 160, 18)
(8, 712, 40)
(35, 1444, 53)
(33, 1332, 1)
(28, 763, 43)
(36, 1221, 13)
(31, 1020, 1)
(2, 1546, 1)
(12, 341, 25)
(13, 1206, 1)
(8, 712, 1)
(32, 1109, 29)
(28, 776, 1)
(15, 856, 47)
(21, 510, 28)
(9, 118, 14)
(5, 33, 8)
(4, 1675, 1)
(6, 1292, 1)
(23, 553, 1)
(30, 988, 1)
(8, 735, 39)
(32, 1077, 1)
(32, 1106, 54)
(29, 908, 1)
(28, 756, 1)
(28, 803, 43)
(28, 757, 43)
(15, 877, 46)
(21, 1903, 1)
(14, 194, 21)
(12, 392, 17)
(12, 370, 27)
(5, 1541, 6)
(7, 308, 23)
(23, 560, 1)
(23, 1667, 34)
(11, 183, 18)
(11, 1580, 18)
(25, 1416, 21)
(8, 720, 1)
(27, 653, 1)
(32, 1094, 1)
(15, 833, 1)
(7, 276, 1)
(6, 1305, 52)
(23, 568, 35)
(11, 154, 1)
(11, 1569, 1)
(11, 1802, 19)
(16, 1181, 21)
(25, 1409, 54)
(33, 1346, 1)
(27, 644, 1)
(27, 661, 25)
(32, 1082, 1)
(24, 939, 1)
(24, 946, 12)
(15, 875, 5)
(14, 210, 1)
(14, 203, 1)
(14, 208, 1)
(14, 219, 20)
(10, 525, 1)
(11, 129, 1)
(16, 1162, 1)
(35, 1427, 1)
(32, 1104, 29)
(24, 954, 49)
(28, 780, 45)
(28, 804, 44)
(15, 867, 28)
(15, 887, 46)
(15, 852, 47)
(14, 241, 20)
(14, 208, 20)
(14, 231, 20)
(2, 1552, 1)
(12, 362, 25)
(12, 358, 19)
(12, 376, 19)
(26, 1477, 1)
(13, 1211, 9)
(5, 50, 1)
(4, 639, 38)
(22, 590, 1)
(11, 1781, 16)
(8, 712, 39)
(32, 1059, 1)
(32, 1109, 51)
(28, 822, 43)
(9, 96, 12)
(2, 1755, 4)
(12, 334, 25)
(12, 379, 26)
(26, 1497, 11)
(11, 1574, 16)
(33, 1318, 54)
(33, 1326, 51)
(28, 749, 1)
(28, 811, 44)
(15, 893, 25)
(15, 870, 48)
(14, 222, 22)
(2, 1551, 1)
(12, 1856, 25)
(26, 1492, 1)
(4, 636, 1)
(4, 623, 38)
(6, 1311, 9)
(23, 565, 1)
(30, 988, 24)
(30, 1001, 36)
(11, 1769, 1)
(11, 135, 18)
(16, 1182, 21)
(16, 1181, 34)
(25, 1416, 35)
(35, 1423, 1)
(27, 1947, 1)
(27, 660, 1)
(32, 1114, 51)
(24, 957, 12)
(29, 904, 19)
(28, 785, 41)
(36, 1226, 13)
(15, 837, 1)
(21, 508, 14)
(14, 245, 20)
(12, 321, 27)
(12, 389, 19)
(12, 1854, 26)
(5, 60, 8)
(7, 312, 24)
(22, 594, 37)
(11, 1777, 1)
(11, 137, 18)
(11, 176, 19)
(25, 1407, 54)
(8, 708, 1)
(33, 1316, 1)
(33, 1383, 54)
(27, 644, 25)
(28, 769, 1)
(28, 781, 43)
(28, 777, 42)
(15, 1707, 5)
(15, 871, 28)
(15, 875, 46)
(15, 880, 47)
(14, 1590, 1)
(14, 203, 20)
(14, 249, 20)
(14, 237, 19)
(9, 115, 13)
(2, 87, 1)
(12, 397, 25)
(12, 339, 25)
(7, 259, 1)
(3, 1889, 9)
(23, 570, 33)
(23, 560, 36)
(23, 552, 14)
(10, 545, 24)
(19, 443, 30)
(11, 141, 1)
(25, 1389, 54)
(33, 1358, 1)
(33, 1376, 51)
(27, 661, 1)
(32, 1057, 1)
(32, 1087, 1)
(24, 941, 49)
(28, 777, 1)
(15, 1710, 25)
(21, 510, 15)
(14, 196, 1)
(14, 240, 20)
(31, 1046, 52)
(12, 348, 1)
(12, 399, 27)
(5, 28, 1)
(5, 32, 1)
(7, 300, 1)
(7, 300, 24)
(20, 974, 1)
(23, 570, 1)
(11, 134, 16)
(11, 177, 9)
(11, 184, 19)
(11, 1587, 19)
(16, 1177, 22)
(35, 1423, 53)
(33, 1342, 1)
(27, 655, 13)
(32, 1078, 1)
(29, 900, 1)
(28, 778, 44)
(14, 201, 22)
(5, 53, 1)
(7, 295, 1)
(4, 1683, 38)
(22, 600, 35)
(23, 1935, 36)
(23, 562, 14)
(11, 1572, 9)
(11, 1796, 18)
(16, 1195, 34)
(25, 1394, 54)
(33, 1382, 54)
(32, 1076, 1)
(24, 947, 1)
(24, 962, 49)
(28, 761, 1)
(21, 1654, 1)
(14, 223, 1)
(31, 1017, 52)
(12, 370, 1)
(12, 380, 17)
(7, 264, 1)
(23, 588, 34)
(11, 164, 9)
(11, 1572, 18)
(35, 1444, 24)
(33, 1355, 1)
(27, 671, 13)
(32, 1120, 51)
(32, 1110, 29)
(28, 812, 45)
(28, 817, 45)
(36, 1221, 1)
(36, 1215, 13)
(21, 490, 33)
(12, 323, 1)
(12, 334, 17)
(12, 351, 25)
(37, 1449, 1)
(10, 532, 1)
(11, 1570, 1)
(11, 123, 1)
(11, 188, 17)
(11, 1575, 9)
(11, 133, 18)
(11, 180, 18)
(16, 1191, 33)
(25, 1405, 27)
(27, 672, 14)
(32, 1064, 1)
(32, 1054, 54)
(15, 843, 1)
(15, 841, 1)
(21, 509, 33)
(14, 216, 1)
(31, 1044, 52)
(2, 76, 1)
(26, 1479, 1)
(4, 1678, 4)
(17, 1257, 31)
(22, 617, 17)
(10, 519, 1)
(10, 527, 1)
(11, 1566, 9)
(25, 1408, 1)
(25, 1415, 21)
(27, 675, 14)
(27, 657, 14)
(32, 1084, 1)
(24, 935, 1)
(28, 790, 42)
(15, 871, 21)
(2, 83, 1)
(2, 1756, 4)
(12, 377, 19)
(12, 379, 19)
(12, 388, 19)
(10, 542, 17)
(11, 137, 1)
(16, 1156, 1)
(16, 1176, 19)
(25, 1395, 1)
(25, 1408, 11)
(33, 1329, 1)
(33, 1370, 54)
(33, 1378, 51)
(27, 665, 13)
(32, 1060, 1)
(24, 944, 1)
(24, 953, 50)
(28, 780, 1)
(15, 838, 1)
(21, 515, 33)
(14, 212, 19)
(2, 91, 4)
(12, 342, 1)
(12, 1612, 17)
(5, 1740, 1)
(7, 1601, 11)
(17, 1282, 25)
(22, 597, 17)
(10, 538, 1)
(11, 186, 16)
(11, 156, 18)
(11, 180, 19)
(25, 1387, 1)
(8, 717, 1)
(8, 734, 39)
(32, 1099, 1)
(32, 1116, 51)
(24, 958, 11)
(28, 790, 6)
(28, 821, 44)
(15, 884, 21)
(14, 252, 21)
(31, 1035, 53)
(12, 358, 1)
(12, 345, 1)
(12, 348, 28)
(7, 257, 1)
(37, 1457, 1)
(10, 1917, 1)
(10, 544, 23)
(11, 143, 1)
(11, 175, 18)
(16, 1188, 33)
(16, 1188, 34)
(25, 1402, 1)
(8, 694, 1)
(8, 706, 1)
(35, 1435, 1)
(28, 796, 42)
(15, 832, 46)
(15, 883, 48)
(21, 1912, 33)
(14, 204, 1)
(9, 115, 12)
(9, 1764, 14)
(12, 324, 1)
(26, 1466, 1)
(26, 1481, 1)
(3, 464, 1)
(4, 1679, 4)
(22, 601, 1)
(11, 124, 9)
(11, 158, 19)
(16, 1159, 1)
(16, 1161, 1)
(8, 684, 1)
(33, 1351, 1)
(33, 1331, 1)
(33, 1316, 29)
(27, 642, 1)
(27, 662, 1)
(29, 907, 41)
(28, 808, 41)
(28, 787, 41)
(15, 843, 5)
(14, 237, 22)
(5, 62, 7)
(5, 63, 8)
(20, 970, 1)
(22, 618, 35)
(11, 132, 1)
(11, 1773, 1)
(11, 134, 1)
(11, 187, 16)
(16, 1164, 1)
(8, 687, 1)
(29, 1713, 1)
(29, 916, 41)
(28, 763, 1)
(14, 1591, 22)
(14, 247, 20)
(31, 1042, 53)
(7, 1831, 24)
(10, 1933, 24)
(11, 1774, 1)
(11, 159, 18)
(27, 652, 25)
(28, 804, 41)
(15, 850, 5)
(15, 877, 5)
(21, 490, 32)
(14, 233, 19)
(2, 80, 1)
(12, 349, 1)
(12, 339, 28)
(23, 546, 34)
(11, 164, 1)
(25, 1411, 27)
(27, 648, 25)
(32, 1118, 38)
(24, 936, 1)
(24, 956, 12)
(29, 920, 19)
(29, 920, 44)
(28, 1698, 41)
(14, 220, 1)
(2, 74, 1)
(12, 359, 1)
(12, 374, 19)
(12, 403, 26)
(12, 399, 26)
(5, 29, 2)
(20, 965, 1)
(23, 568, 34)
(37, 1464, 10)
(10, 1924, 1)
(10, 1664, 24)
(19, 431, 21)
(16, 1176, 22)
(33, 1359, 1)
(27, 654, 14)
(29, 924, 41)
(28, 776, 41)
(28, 815, 45)
(36, 1215, 29)
(15, 856, 28)
(21, 509, 15)
(14, 204, 20)
(31, 1040, 38)
(9, 116, 13)
(12, 355, 25)
(11, 182, 9)
(16, 1179, 33)
(33, 1360, 29)
(32, 1119, 38)
(32, 1120, 38)
(32, 1072, 51)
(29, 928, 44)
(28, 1696, 43)
(28, 790, 43)
(36, 1216, 23)
(21, 1655, 33)
(21, 1909, 14)
(14, 199, 1)
(31, 1030, 1)
(12, 346, 1)
(12, 363, 1)
(12, 375, 1)
(12, 361, 25)
(12, 363, 25)
(26, 1468, 1)
(5, 43, 1)
(7, 1828, 24)
(4, 1682, 38)
(17, 1271, 25)
(6, 1290, 1)
(11, 174, 9)
(33, 1361, 1)
(33, 1384, 54)
(24, 954, 51)
(28, 743, 43)
(28, 782, 42)
(36, 1224, 3)
(15, 864, 1)
(21, 489, 1)
(21, 517, 33)
(14, 1808, 20)
(5, 61, 9)
(7, 1829, 24)
(4, 639, 15)
(23, 568, 36)
(10, 541, 1)
(16, 1172, 19)
(32, 1117, 51)
(24, 952, 49)
(36, 1213, 1)
(15, 850, 1)
(15, 834, 25)
(14, 213, 21)
(14, 242, 20)
(14, 207, 20)
(2, 69, 4)
(12, 1838, 1)
(12, 321, 25)
(12, 385, 19)
(5, 1534, 1)
(4, 1941, 1)
(17, 1264, 1)
(22, 611, 17)
(10, 523, 1)
(19, 438, 28)
(11, 1797, 16)
(11, 181, 9)
(16, 1192, 34)
(16, 1161, 19)
(33, 1350, 1)
(32, 1074, 1)
(32, 1102, 5)
(32, 1111, 29)
(28, 776, 45)
(14, 238, 19)
(12, 371, 1)
(5, 57, 1)
(5, 1541, 9)
(4, 631, 1)
(6, 1309, 9)
(22, 595, 17)
(11, 125, 1)
(11, 1795, 18)
(16, 1151, 1)
(33, 1371, 51)
(32, 1096, 1)
(32, 1063, 38)
(24, 942, 1)
(28, 746, 1)
(21, 480, 15)
(14, 224, 20)
(12, 334, 1)
(12, 351, 26)
(5, 1541, 8)
(7, 1821, 1)
(3, 1640, 1)
(3, 460, 1)
(4, 1682, 21)
(30, 995, 1)
(11, 156, 1)
(11, 1576, 9)
(8, 711, 1)
(35, 1429, 1)
(32, 1123, 54)
(28, 782, 41)
(28, 810, 41)
(36, 1228, 13)
(15, 889, 48)
(21, 506, 14)
(14, 242, 22)
(14, 205, 20)
(12, 382, 26)
(20, 975, 1)
(23, 551, 33)
(37, 1450, 1)
(10, 528, 1)
(11, 151, 1)
(11, 133, 17)
(16, 1193, 34)
(16, 1183, 34)
(25, 1399, 1)
(27, 646, 1)
(27, 668, 14)
(24, 961, 35)
(28, 741, 1)
(36, 1226, 21)
(15, 889, 25)
(14, 245, 22)
(14, 229, 19)
(31, 1021, 38)
(2, 66, 1)
(12, 322, 1)
(12, 328, 1)
(12, 382, 19)
(5, 1737, 1)
(5, 1542, 9)
(17, 1275, 35)
(6, 1308, 52)
(22, 616, 17)
(37, 1447, 1)
(10, 540, 1)
(11, 131, 1)
(11, 1584, 16)
(11, 177, 19)
(25, 1391, 1)
(8, 710, 14)
(33, 1315, 1)
(33, 1362, 1)
(33, 1375, 51)
(27, 647, 25)
(32, 1073, 1)
(24, 946, 1)
(21, 494, 1)
(21, 514, 32)
(14, 1597, 22)
(31, 1021, 1)
(31, 1035, 38)
(2, 73, 1)
(12, 1614, 25)
(12, 322, 19)
(7, 263, 1)
(4, 624, 1)
(30, 1004, 17)
(30, 1007, 17)
(11, 1580, 16)
(11, 1585, 16)
(11, 168, 9)
(11, 169, 9)
(16, 1180, 33)
(25, 1409, 1)
(25, 1418, 27)
(8, 680, 1)
(27, 1686, 25)
(24, 942, 51)
(29, 916, 19)
(28, 819, 43)
(28, 798, 6)
(15, 831, 1)
(15, 865, 46)
(15, 897, 48)
(14, 204, 21)
(2, 1757, 10)
(12, 340, 1)
(4, 1683, 21)
(37, 1462, 8)
(10, 522, 1)
(11, 185, 16)
(11, 145, 16)
(25, 1401, 1)
(25, 1394, 27)
(32, 1098, 51)
(24, 933, 1)
(28, 747, 45)
(15, 865, 48)
(31, 1016, 1)
(2, 1549, 1)
(26, 1482, 1)
(5, 58, 6)
(7, 306, 24)
(23, 569, 1)
(37, 1456, 1)
(11, 1565, 1)
(11, 163, 16)
(25, 1412, 32)
(35, 1442, 35)
(33, 1363, 29)
(27, 670, 13)
(32, 1068, 1)
(24, 932, 11)
(29, 927, 41)
(15, 882, 25)
(21, 1907, 1)
(21, 509, 28)
(14, 211, 1)
(14, 207, 22)
(12, 1854, 27)
(12, 1856, 27)
(5, 57, 6)
(7, 304, 11)
(22, 617, 35)
(23, 573, 35)
(25, 1413, 14)
(27, 667, 13)
(32, 1061, 1)
(32, 1112, 29)
(15, 830, 1)
(21, 494, 33)
(31, 1015, 52)