1 sol_best:  0.40586875338896833 0.015916118540497272 0.04432800510552193
E_best  0.018876454119754943

2 sol_best:  0.1079889286433858 3.028029619014244e-05 0.15581905846612099
E_best  0.683038928860927

3 sol_best:  0.19605127018610666 2.2357602251466338e-05 0.18098796521718252
E_best  0.7160747259044927

4 sol_best:  0.00014309268924249743 0.03962821828028015 0.4302292924618222
E_best  0.5516658249513138

5 sol_best:  6.87883483275753e-05 0.0220150074677026 0.3484044894071973
E_best  0.5391506143715753

6 sol_best:  0.428444319092513 2.1995866696073113e-05 0.061805755191506134
E_best  0.7213898359127621

7 sol_best:  0.3074447633566366 0.3573555296269151 0.07862051384656951
E_best  0.032779586100359435

8 sol_best:  0.10492920025242758 0.07981259554212641 0.14868613976092473
E_best  0.026024894392257712

9 sol_best:  0.031031329787946996 0.035943901695614344 0.3520823877367484
E_best  0.018613054958445764

10 sol_best:  0.06863792643266634 0.23496849152490215 0.4335639853741024
E_best  0.009960356472296485